One-of条件下的匹配路径如下：
50  52  53  55  122  
125  124  127  129  132  
136  140  183  185  189  
191  283  285  291  292  
307  310  316  318  445  
447  453  456  469  471  
470  474  552  554  555  
557  558  561  565  568  
871  874  875  878  952  
954  958  959  989  992  
995  998  1241  1244  1243  
1247  1334  1337  1343  1344  
1424  1427  1432  1436  1614  
1617  1622  1626  1696  1698  
1701  1705  1711  1713  1717  
1719  1843  1846  1848  1849  
1853  1856  1858  1860  1865  
1867  1871  1873  1903  1905  
1908  1910  2021  2024  2023  
2026  2095  2098  2097  2100  
2143  2146  2151  2152  2172  
2174  2180  2184  2191  2194  
2197  2198  2660  2662  2665  
2666  2726  2729  2730  2734  
2734  2736  2737  2740  2741  
2743  2782  2785  2791  2792  
2895  2897  2900  2901  2974  
2977  2978  2981  2987  2989  
2994  2997  3038  3041  3046  
3047  3058  3061  3066  3065  
3098  3101  3102  3106  3112  
3115  3118  3119  3176  3179  
3185  3187  3354  3356  3359  
3361  3365  3368  3371  3374  
3380  3382  3388  3392  3526  
3528  3531  3535  3592  3595  
3598  3600  3655  3658  3661  
3664  3727  3730  3736  3739  
3827  3830  3834  3836  3974  
3977  3983  3985  3999  4001  
4006  4010  4275  4277  4280  
4283  4296  4299  4302  4303  
4339  4342  4345  4348  4391  
4393  4394  4398  4452  4455  
4458  4462  4553  4556  4561  
4564  4587  4590  4592  4596  
4597  4600  4603  4605  4616  
4618  4623  4624  4676  4678  
4682  4685  4679  4681  4682  
4684  4698  4701  4706  4707  
4848  4850  4855  4856  4955  
4957  4960  4961  4967  4969  
4972  4974  5015  5017  5021  
5024  5046  5048  5054  5058  
5141  5144  5145  5148  5196  
5198  5204  5207  5256  5259  
5265  5266  5387  5389  5393  
5394  5568  5571  5574  5578  
5760  5762  5761  5765  5765  
5767  5788  5790  5796  5797  
5848  5850  5853  5857  5873  
5876  5878  5879  6038  6040  
6046  6049  6252  6254  6258  
6260  6687  6689  6693  6697  
6754  6756  6759  6762  6966  
6969  6975  6978  7036  7038  
7041  7044  7179  7181  7183  
7187  7182  7185  7227  7230  
7232  7234  7249  7252  7255  
7258  7478  7481  7486  7489  
7527  7530  7535  7536  7577  
7580  7584  7586  7660  7662  
7665  7669  7797  7800  7805  
7807  8158  8161  8162  8165  
8185  8187  8192  8194  8316  
8319  8323  8325  8384  8387  
8391  8395  8563  8565  8568  
8569  8610  8612  8616  8618  
8683  8686  8691  8695  8684  
8687  8693  8697  8712  8715  
8717  8719  8751  8753  8758  
8759  8965  8967  8971  8973  
9020  9023  9026  9027  9049  
9051  9057  9058  9178  9181  
9182  9184  9223  9226  9228  
9229  9233  9235  9239  9240  
9274  9277  9279  9280  9307  
9309  9313  9315  9341  9343  
9348  9349  9483  9486  9490  
9493  9484  9487  9494  9497  
9503  9505  9532  9535  9539  
9540  9635  9637  9642  9644  
9659  9662  9666  9669  9660  
9663  9757  9759  9763  9766  
9758  9760  9763  9765  9776  
9778  9784  9788  9802  9804  
9807  9809  9821  9823  9827  
9829  9861  9864  9863  9867  
10080  10083  10085  10089  10099  
10101  10105  10106  10109  10112  
10119  10121  10195  10198  10200  
10203  10209  10211  10213  10216  
10339  10341  10346  10350  10386  
10389  10391  10392  10485  10488  
10493  10494  10501  10503  10504  
10507  10506  10509  10512  10515  
10541  10544  10542  10546  10611  
10613  10614  10617  10664  10666  
10672  10674  10743  10745  10746  
10750  10803  10806  10812  10813  
10859  10862  10866  10868  11039  
11042  11045  11046  11103  11105  
11111  11115  11348  11350  11356  
11358  11568  11571  11575  11579  
11706  11709  11708  11712  12189  
12191  12195  12197  12337  12339  
12342  12346  12346  12349  12377  
12380  12382  12385  12402  12405  
12407  12408  12417  12419  12422  
12425  12534  12536  12540  12544  
12554  12557  12563  12567  12649  
12651  12654  12655  12685  12688  
12690  12691  12769  12771  12777  
12778  12820  12823  12829  12833  
12845  12848  12850  12852  12923  
12925  12928  12929  12944  12946  
12948  12952  12947  12949  13162  
13164  13169  13170  13187  13189  
13192  13195  13425  13428  13431  
13432  13459  13462  13468  13470  
13493  13495  13499  13502  13545  
13548  13547  13551  13714  13717  
13719  13721  13770  13772  13774  
13777  13777  13779  13818  13821  
13826  13829  13899  13902  13903  
13904  14130  14132  14136  14139  
14591  14593  14597  14598  14706  
14709  14710  14714  14835  14837  
14842  14845  14876  14879  14883  
14884  14886  14889  14894  14896  
14944  14946  14949  14951  15093  
15095  15098  15099  15143  15146  
15150  15154  15172  15175  15177  
15179  15254  15256  15259  15261  
15399  15401  15406  15408  15551  
15554  15560  15561  16014  16017  
16019  16022  16051  16054  16058  
16060  16079  16081  16085  16087  
16174  16176  16181  16182  16282  
16285  16290  16292  16343  16346  
16344  16348  16388  16390  16395  
16396  16410  16413  16416  16417  
16441  16443  16446  16448  16570  
16572  16575  16579  16586  16588  
16593  16596  16672  16675  16681  
16682  16858  16860  16866  16868  
16923  16925  16929  16933  16979  
16981  16985  16986  17028  17031  
17033  17034  17041  17044  17089  
17092  17098  17101  17347  17349  
17351  17354  17475  17477  17481  
17480  17489  17491  17495  17499  
17490  17493  17495  17498  17524  
17526  17529  17533  17623  17626  
17630  17631  17795  17798  17800  
17801  17819  17821  17824  17826  
17886  17888  17891  17892  17960  
17962  17966  17968  18092  18095  
18097  18101  18277  18279  18283  
18284  18320  18323  18326  18328  
18450  18452  18456  18458  18615  
18618  18623  18627  18726  18729  
18732  18735  18788  18791  18797  
18799  18824  18827  18833  18834  
18825  18828  18946  18948  18953  
18956  18975  18978  18984  18986  
19130  19132  19135  19136  19180  
19183  19189  19190  19181  19184  
19300  19303  19306  19307  19455  
19458  19463  19464  19522  19524  
19529  19530  19535  19538  19542  
19543  19593  19595  19596  19600  
19621  19624  19626  19627  19636  
19639  19641  19642  19734  19736  
19739  19740  19753  19756  19761  
19764  19783  19785  19791  19795  
19920  19922  19925  19928  19934  
19936  19942  19944  19949  19951  
19952  19956  19958  19961  19965  
19967  20000  20002  20008  20009  
20105  20108  20113  20115  20171  
20174  20180  20181  20175  20178  
20251  20254  20256  20258  20276  
20279  20283  20284  20277  20280  
20338  20340  20345  20347  20436  
20439  20441  20443  20454  20457  
20455  20459  20465  20468  20471  
20474  20669  20672  20678  20679  
20707  20709  20712  20714  20717  
20720  20775  20777  20781  20782  
20831  20833  20837  20838  20852  
20855  20861  20862  20918  20920  
20925  20928  20980  20983  20988  
20990  21019  21022  21025  21029  
21030  21033  21035  21037  21194  
21197  21198  21201  21223  21225  
21228  21229  21242  21245  21251  
21252  21258  21260  21263  21266  
21314  21317  21322  21326  21353  
21355  21356  21359  21361  21363  
21368  21370  21377  21379  21382  
21384  21446  21448  21452  21453  
21527  21529  21532  21533  21535  
21537  21543  21545  21540  21542  
21543  21546  21697  21699  21703  
21704  21718  21721  21726  21728  
21777  21780  21783  21785  21800  
21803  21808  21809  21921  21924  
21927  21928  21952  21954  21958  
21959  21973  21975  21979  21981  
22041  22043  22049  22050  22072  
22075  22074  22078  22081  22084  
22088  22091  22164  22166  22171  
22175  22196  22198  22203  22204  
22230  22233  22239  22241  22284  
22286  22288  22292  22314  22316  
22320  22322  22446  22449  22452  
22453  22467  22470  22473  22474  
22521  22524  22529  22531  22711  
22713  22719  22720  22754  22757  
22759  22761  22981  22983  22989  
22992  23021  23024  23027  23028  
23079  23081  23085  23086  23199  
23201  23207  23210  23248  23251  
23253  23254  23364  23366  23371  
23373  23555  23557  23563  23565  
23617  23619  23621  23625  23749  
23752  23754  23758  23830  23832  
23838  23840  23893  23896  23902  
23905  23927  23929  23933  23934  
23974  23977  23980  23981  24035  
24038  24044  24047  24093  24095  
24098  24102  24110  24113  24116  
24118  24142  24144  24150  24151  
24186  24189  24194  24195  24188  
24190  24197  24200  24203  24204  
24212  24215  24217  24221  24265  
24268  24270  24274  24326  24328  
24331  24333  24381  24383  24387  
24388  24436  24439  24440  24442  
24562  24564  24569  24572  24696  
24698  24702  24706  24704  24707  
24711  24712  24705  24708  24714  
24717  24715  24718  24724  24726  
24829  24831  24833  24834  24849  
24851  24857  24860  24936  24938  
24943  24945  24939  24942  24996  
24998  25002  25005  25029  25032  
25036  25039  25046  25048  25052  
25054  25118  25121  25123  25125  
25143  25146  25152  25156  25166  
25168  25172  25173  25179  25181  
25184  25187  25234  25236  25242  
25243  25290  25292  25295  25296  
25306  25308  25312  25313  25482  
25485  25490  25492  25570  25572  
25576  25577  25735  25737  25742  
25744  25843  25846  25852  25853  
25848  25850  25909  25911  25914  
25915  25966  25968  25974  25977  
26147  26149  26153  26155  26168  
26171  26172  26175  26244  26247  
26250  26252  26292  26295  26293  
26297  26305  26308  26312  26311  
26352  26355  26361  26364  26403  
26406  26407  26410  26420  26423  
26428  26429  26435  26437  26442  
26444  26652  26655  26661  26662  
26654  26656  26718  26720  26721  
26723  26766  26768  26772  26773  
26828  26830  26832  26836  26852  
26855  26859  26862  26907  26910  
26913  26916  26922  26924  26928  
26931  26931  26933  26976  26979  
26981  26982  27004  27006  27052  
27055  27058  27059  27090  27093  
27097  27101  27149  27151  27157  
27160  27170  27172  27175  27178  
27218  27220  27226  27227  27239  
27241  27244  27245  27267  27269  
27273  27276  27338  27341  27347  
27348  27342  27345  27608  27611  
27617  27618  27673  27676  27681  
27685  27698  27701  27704  27703  
27743  27746  27752  27755  27749  
27751  27772  27774  27778  27779  
27887  27890  27896  27897  27947  
27950  27954  27957  27993  27996  
28002  28005  28045  28048  28051  
28055  28152  28155  28161  28163  
28156  28158  28192  28194  28199  
28201  28315  28318  28320  28322  
28334  28337  28339  28342  28403  
28406  28409  28412  28510  28513  
28519  28523  28548  28550  28554  
28555  28599  28601  28605  28609  
28626  28629  28635  28638  28645  
28647  28652  28653  28727  28730  
28732  28734  28792  28795  28800  
28803  28841  28843  28849  28851  
28900  28903  28902  28906  28905  
28908  28981  28983  28989  28990  
29020  29022  29026  29029  29066  
29068  29073  29076  29067  29070  
29248  29251  29254  29255  29441  
29443  29445  29449  29444  29447  
29445  29448  29496  29499  29505  
29508  29559  29561  29566  29569  
29753  29756  29758  29760  29761  
29763  29774  29776  29782  29785  
29851  29854  29857  29861  29869  
29872  29874  29875  29907  29909  
29915  29918  29949  29952  29957  
29959  29950  29953  30019  30022  
30026  30027  30037  30040  30039  
30043  30038  30041  30052  30055  
30059  30061  30054  30057  30106  
30108  30114  30117  30226  30229  
30232  30235  30254  30257  30263  
30267  30308  30310  30315  30316  
30372  30375  30380  30381  30386  
30389  30394  30396  30409  30412  
30410  30414  30415  30418  30419  
30422  30444  30446  30451  30452  
30465  30468  30471  30474  30600  
30602  30608  30611  30745  30747  
30750  30751  30903  30905  30907  
30908  30926  30928  30932  30933  
30962  30964  30970  30971  30982  
30985  30990  30994  30986  30989  
31051  31054  31060  31061  31053  
31055  31175  31177  31183  31185  
31324  31326  31332  31333  31355  
31358  31357  31361  31797  31799  
31803  31805  31879  31882  31885  
31889  31998  32001  31999  32003  
32070  32072  32077  32080  32149  
32152  32158  32162  32187  32189  
32193  32194  32215  32217  32220  
32221  32265  32268  32271  32273  
32312  32315  32320  32321  32313  
32316  32400  32402  32405  32407  
32420  32423  32427  32431  32440  
32443  32447  32448  32465  32467  
32473  32475  32574  32576  32581  
32583  32722  32724  32727  32728  
32807  32809  32812  32813  32982  
32984  32987  32990  33061  33063  
33066  33069  33193  33195  33198  
33202  33233  33235  33241  33243  
33376  33378  33381  33383  33415  
33417  33421  33424  33498  33501  
33500  33503  33596  33599  33602  
33603  33634  33637  33639  33642  
33798  33800  33804  33807  33908  
33910  33914  33915  33989  33992  
33995  33998  34177  34179  34183  
34184  34316  34318  34323  34324  
34317  34319  34395  34398  34401  
34403  34445  34448  34453  34454  
34483  34485  34490  34489  34625  
34628  34631  34632  34695  34698  
34701  34703  34743  34746  34750  
34751  34785  34787  34790  34791  
34858  34861  34867  34868  34892  
34894  34900  34901  34939  34941  
34942  34946  34948  34951  34955  
34957  35003  35006  35008  35010  
35033  35035  35038  35040  35050  
35053  35056  35059  35073  35076  
35128  35130  35134  35135  35136  
35139  35143  35147  35175  35178  
35181  35183  35225  35227  35231  
35232  35310  35312  35318  35321  
35383  35385  35388  35389  35520  
35522  35526  35530  35565  35568  
35573  35577  35567  35570  35575  
35579  35619  35622  35626  35627  
35627  35630  35672  35675  35677  
35679  35701  35704  35710  35711  
35754  35756  35760  35761  35780  
35782  35787  35788  35852  35854  
35858  35859  35877  35879  35882  
35883  35921  35924  35929  35930  
35922  35925  36003  36005  36011  
36012  36056  36058  36061  36063  
36171  36174  36175  36179  36213  
36215  36220  36223  36222  36225  
36229  36232  36223  36226  36465  
36467  36471  36472  36589  36591  
36594  36596  36719  36722  36726  
36730  36737  36740  36746  36747  
36765  36767  36772  36776  36812  
36814  36820  36824  36839  36842  
36845  36848  36913  36915  36921  
36924  36942  36944  36948  36952  
36971  36974  36980  36983  37000  
37002  37004  37006  37095  37097  
37101  37103  37340  37342  37345  
37346  37346  37349  37589  37592  
37595  37597  37643  37646  37650  
37654  38023  38026  38031  38032  
38047  38050  38055  38057  38159  
38161  38165  38169  38175  38177  
38180  38184  38194  38196  38200  
38201  38225  38227  38231  38232  
38313  38315  38319  38320  38436  
38439  38438  38441  38467  38470  
38473  38475  38479  38481  38487  
38489  38572  38575  38577  38580  
38667  38670  38673  38674  38736  
38738  38742  38744  38749  38752  
38755  38756  38845  38847  38851  
38852  38912  38914  38919  38923  
39113  39115  39119  39120  39252  
39254  39259  39260  39331  39334  
39337  39339  39381  39384  39389  
39390  39419  39421  39426  39425  
39561  39564  39567  39568  39631  
39634  39637  39639  39679  39682  
39686  39687  39721  39723  39726  
39727  39794  39797  39803  39804  
39828  39830  39836  39837  39875  
39877  39878  39882  39884  39887  
39891  39893  39939  39942  39944  
39946  39969  39971  39974  39976  
39986  39989  39992  39995  40009  
40012  40064  40066  40070  40071  
40072  40075  40079  40083  40111  
40114  40117  40119  40161  40163  
40167  40168  40246  40248  40254  
40257  40319  40321  40324  40325  
40456  40458  40462  40466  40483  
40486  40491  40495  40588  40591  
40593  40595  40617  40620  40626  
40627  40670  40672  40676  40677  
40687  40690  40689  40693  40696  
40698  40703  40704  40768  40770  
40774  40775  40793  40795  40798  
40799  40837  40840  40845  40846  
40838  40841  40911  40913  40917  
40919  41088  41091  41096  41099  
41135  41138  41142  41145  41365  
41367  41371  41372  41463  41466  
41469  41473  41515  41518  41524  
41525  41543  41546  41549  41550  
41579  41582  41585  41588  41708  
41711  41713  41716  42118  42120  
42122  42123  42123  42126  42381  
42384  42387  42388  42480  42482  
42486  42487  42576  42579  42581  
42582  42648  42650  42653  42654  
42775  42777  42776  42780  42850  
42853  42859  42860  42867  42870  
42873  42877  42880  42883  42885  
42889  42924  42926  42929  42932  
42936  42939  42945  42948  42973  
42976  42982  42983  42993  42995  
42999  43002  43092  43094  43096  
43099  43177  43180  43183  43184  
43239  43241  43245  43249  43268  
43270  43394  43397  43400  43404  
43409  43411  43415  43419  43487  
43490  43495  43498  43506  43509  
43512  43515  43544  43546  43552  
43553  43577  43579  43584  43587  
43722  43725  43730  43734  43731  
43733  43734  43737  43738  43740  
43746  43749  43758  43760  43765  
43766  43870  43873  43879  43881  
44398  44401  44404  44408  44449  
44451  44455  44459  44555  44557  
44563  44564  44558  44560  44577  
44579  44582  44585  44611  44613  
44617  44619  44736  44738  44739  
44742  44930  44932  44936  44940  
44953  44955  44960  44962  45196  
45199  45204  45205  45236  45238  
45242  45243  45307  45310  45314  
45315  45362  45365  45366  45369  
45371  45374  45372  45376  45432  
45434  45440  45442  45662  45664  
45668  45669  45788  45790  45794  
45795  45857  45860  45866  45869  
45895  45897  45900  45902  45920  
45923  45927  45928  45962  45964  
45967  45968  46059  46061  46065  
46066  46087  46089  46095  46097  
46116  46118  46119  46123  46272  
46275  46278  46280  46282  46284  
46332  46335  46339  46340  46410  
46413  46417  46418  46412  46414  
46417  46420  46625  46627  46630  
46634  46632  46635  46634  46636  
46669  46671  46672  46676  46699  
46701  46706  46709  46790  46793  
46795  46799  46937  46939  46941  
46944  46995  46997  47002  47003  
47016  47019  47025  47026  47020  
47022  47064  47067  47072  47073  
47065  47068  47201  47204  47208  
47212  47221  47223  47227  47231  
47363  47365  47369  47370  47480  
47483  47489  47493  47529  47532  
47530  47534  47534  47536  47537  
47539  47545  47548  47541  47544  
47543  47546  47550  47552  47551  
47554  47579  47582  47584  47585  
47614  47616  47622  47623  47740  
47743  47749  47750  47786  47789  
47795  47796  47862  47865  47868  
47872  47898  47901  47906  47910  
48014  48016  48021  48023  48140  
48142  48146  48148  48160  48162  
48168  48169  48174  48176  48180  
48181  48213  48216  48219  48220  
48299  48301  48304  48306  48328  
48331  48334  48336  48410  48413  
48419  48420  48421  48424  48426  
48430  48657  48660  48663  48664  
48893  48895  48897  48900  49143  
49145  49146  49148  49153  49156  
49162  49164  49267  49270  49275  
49279  49271  49274  49275  49277  
49412  49414  49418  49421  49484  
49487  49490  49494  49793  49796  
49799  49800  49921  49924  49927  
49929  49938  49941  49947  49948  
49974  49976  49980  49984  50049  
50052  50055  50058  50163  50166  
50168  50169  50342  50344  50349  
50350  50365  50368  50372  50373  
50411  50414  50415  50419  50433  
50435  50438  50440  50743  50746  
50748  50750  50783  50786  50787  
50789  50802  50804  50807  50809  
50846  50849  50852  50853  50927  
50929  50932  50933  50960  50962  
50966  50967  50983  50986  50991  
50992  51015  51018  51024  51027  
51031  51034  51040  51039  51083  
51085  51087  51089  51158  51161  
51167  51168  51207  51210  51214  
51217  51444  51446  51450  51452  
51469  51472  51475  51476  51725  
51728  51731  51735  51982  51985  
51986  51989  51991  51994  51997  
51998  52036  52038  52044  52046  
52120  52123  52127  52131  52144  
52146  52152  52153  52168  52171  
52173  52177  52194  52196  52199  
52202  52374  52377  52382  52384  
52394  52397  52400  52401  52487  
52490  52492  52493  52527  52529  
52535  52536  52538  52540  52544  
52547  53000  53003  53034  53036  
53041  53042  53094  53097  53102  
53103  53202  53204  53207  53209  
53294  53297  53302  53304  53327  
53329  53334  53337  53358  53361  
53364  53365  53376  53379  53380  
53382  53436  53439  53442  53444  
53830  53832  53836  53837  53840  
53843  53848  53852  54004  54007  
54010  54011  54273  54276  54282  
54285  54404  54407  54411  54413  
54521  54523  54524  54526  54534  
54536  54539  54542  54553  54556  
54560  54562  54601  54603  54606  
54607  54608  54611  54613  54615  
54616  54619  54620  54623  54678  
54680  54685  54686  54706  54709  
54714  54715  54800  54803  54807  
54809  54948  54951  54955  54957  
55008  55010  55015  55016  55046  
55049  55055  55056  55079  55081  
55120  55122  55124  55127  55136  
55138  55140  55144  55189  55191  
55197  55199  55204  55206  55207  
55211  55602  55604  55608  55610  
55693  55695  55699  55703  55712  
55714  55720  55724  55910  55913  
55918  55922  55936  55939  55940  
55942  55958  55960  55965  55969  
56029  56031  56034  56035  56048  
56051  56052  56055  56061  56063  
56069  56072  56129  56131  56135  
56136  56148  56151  56156  56159  
56150  56153  56216  56218  56223  
56226  56219  56222  56224  56228  
56635  56638  56642  56643  57072  
57075  57079  57081  57240  57242  
57248  57251  57314  57316  57321  
57322  57415  57418  57424  57428  
57473  57475  57481  57483  57510  
57513  57519  57523  57572  57575  
57577  57581  57663  57665  57671  
57672  57701  57703  57709  57710  
57711  57714  57718  57719  57744  
57747  57749  57750  57783  57785  
57790  57792  57794  57796  57801  
57805  57832  57834  57838  57842  
57951  57953  57954  57957  57981  
57984  57989  57991  58091  58094  
58097  58096  58136  58138  58142  
58146  58154  58157  58164  58166  
58171  58174  58384  58387  58389  
58390  58410  58412  58415  58416  
58470  58473  58472  58475  58489  
58491  58494  58498  58510  58513  
58516  58520  58512  58515  58518  
58522  58514  58517  58520  58524  
58516  58519  58522  58526  58518  
58521  58522  58525  58569  58572  
58575  58577  58683  58686  58691  
58695  58702  58705  58709  58713  
58932  58935  58938  58941  58950  
58952  58956  58957  59014  59017  
59023  59027  59042  59045  59051  
59052  59120  59123  59149  59151  
59153  59157  59196  59199  59205  
59206  59216  59219  59225  59228  
59307  59310  59316  59317  59351  
59354  59356  59357  59392  59394  
59400  59404  59479  59482  59487  
59490  59492  59494  59497  59500  
59599  59602  59608  59607  59698  
59701  59706  59708  59707  59710  
59714  59717  59752  59755  59759  
59760  59830  59833  59835  59838  
59850  59853  59859  59862  59940  
59943  59946  59949  59961  59964  
59969  59972  60209  60211  60215  
60218  60511  60514  60520  60522  
60545  60547  60548  60550  60608  
60611  60616  60618  60682  60685  
60691  60692  60761  60763  60767  
60769  60839  60842  60843  60844  
60844  60847  60853  60852  61056  
61058  61062  61065  61070  61072  
61076  61078  61143  61146  61150  
61151  61170  61173  61179  61181  
61182  61185  61187  61189  61305  
61307  61309  61312  61396  61399  
61404  61408  61568  61571  61574  
61578  61707  61710  61716  61717  
61842  61845  61851  61854  62197  
62200  62204  62206  62345  62348  
62352  62354  62380  62383  62387  
62388  62407  62410  62411  62415  
62445  62448  62454  62455  62478  
62480  62519  62521  62523  62526  
62535  62537  62539  62543  62588  
62590  62596  62598  62603  62605  
62606  62610  62720  62722  62725  
62729  62762  62765  62769  62773  
63255  63258  63263  63265  63353  
63355  63360  63363  63480  63482  
63486  63487  63499  63502  63507  
63510  63503  63506  63567  63569  
63574  63577  63570  63573  63575  
63579  63614  63616  63622  63625  
63988  63990  63993  63996  64015  
64017  64021  64024  64098  64100  
64103  64105  64138  64140  64145  
64146  64186  64189  64192  64195  
64206  64209  64214  64217  64307  
64310  64314  64315  64395  64398  
64403  64406  64491  64494  64498  
64499  64545  64547  64551  64552  
64567  64570  64572  64574  64634  
64636  64640  64641  64694  64697  
64701  64704  64756  64759  64763  
64766  64950  64952  64955  64957  
65283  65285  65291  65293  65347  
65350  65352  65354  65348  65351  
65353  65356  65362  65365  65368  
65369  65400  65402  65405  65407  
65439  65442  65444  65446  65525  
65527  65531  65534  65558  65560  
65564  65565  65581  65584  65588  
65589  65613  65616  65622  65625  
65620  65623  65630  65633  65666  
65669  65675  65678  65713  65716  
65721  65722  65816  65818  65822  
65823  65836  65838  65840  65844  
66001  66004  66008  66011  66176  
66179  66185  66187  66666  66668  
66673  66675  66740  66743  66748  
66751  66840  66842  66845  66849  
66895  66898  66900  66904  66960  
66962  66966  66967  67091  67094  
67096  67097  67449  67451  67456  
67460  67603  67606  67609  67612  
67691  67693  67696  67699  67731  
67733  67736  67738  67783  67786  
67791  67792  67867  67869  67872  
67873  67879  67882  67885  67887  
67905  67907  67910  67913  67941  
67944  67947  67948  67982  67984  
67985  67988  67987  67990  67994  
67998  68256  68258  68262  68263  
68428  68430  68436  68437  68446  
68449  68454  68457  68493  68495  
68498  68500  68783  68785  68788  
68789  68836  68839  68844  68847  
68915  68918  68923  68924  68962  
68965  68967  68968  69038  69040  
69044  69047  69137  69140  69144  
69145  69290  69293  69297  69298  
69435  69437  69443  69445  69574  
69577  69580  69583  69635  69637  
69642  69644  69652  69654  69660  
69661  69913  69915  69920  69921  
70025  70028  70033  70035  70169  
70171  70176  70179  70195  70197  
70200  70202  70817  70820  70824  
70827  70852  70854  70858  70860  
71187  71189  71192  71193  71350  
71353  71356  71357  71452  71454  
71460  71462  71579  71581  71585  
71586  71705  71707  71713  71714  
71808  71810  71813  71814  72514  
72516  72518  72522  72784  72787  
72789  72790  73096  73098  73103  
73106  73289  73292  73298  73302  
共736条匹配路径